36*

emolumenta (nom. ) 3, 22. (aec.) 16, 35.

emptor 8, 17; 12, 47.
3111331156 5365 55

endromidem 3,1’.'03 endromidas 6,

246.

enhn 1, 48. 89; 2, 8. 853 3, 15, 132.
2083 ’4,41.43.101; 5,33.1ἐ3; 3,
179 198.300.530.588; 7,2.59.
125. 134.158. 194. ¹993 8, 30,73.

9, 22. 84. 110. 123;

10, 4. 141. 302. 321; 11, 2. 30 38;

202. 221. 258,

12, 115, 13, 98. 202. 23’43 14, 38.

73. 109. 127. 224, 15, 26. 97.1.07
38113401, 165.
enthymema 6, 450.
303883, 274. 3816, 521. 38819,
106.1 6, 306, 10,166.310, 12,

57. 1132 89 3,66,12,.83 ire

3, 25. 128, 8,130, 9, 21, 14, 122.
31181318 12,110. ibat 4,104; 11,
88. 1131 12, 14. ibit 3, 78⁹3 6,
527. 576. isse 6, 409.
4, 65. eundum 3, 316.

itur 1, '389

ephebum 10, 306. ephebis 2,164.

ἐφέλκεται 9, 37.

ephemerida} 6, 574.
epimenia 7‚12’0.

epiraedia 8, 66.

epistula 4, 1439 10, 71, 16, 5.
gpgltgslg, 2511, 88. epulis 5,173.
epuhnn 3, 229.

equae 6, 626. equarum 8,108.
eques 8, 238. equitis 6, 279. equi-
tem 9, 10. equites 7,

equites 10‚95; 14, 326.
equestri 3,1’54.

equitant 6, 311.

equus 30118 11, 103. equum 8, 58.

equos 1, 20, 7, 67.
erepet 6, 526.
erga 6, 389.
erffitp’lg ¹(ggm.) 14, 24.

ergo 1, 3. 15. 109. 158. 168, 2, 15.
73. 99; 5, 15. 97. 158; 6,175⁴.¹’2{{.
88.209; 9,82.101.114; 13:34,
103.159.346; 11,17.21 99 1293
12,126; 13,2ο4; 14,64.79.92.
119. 140. 244. 282. 3233 15, 62.

1313 3,104.276.281.318;
371.432.532.620; 7,171;

71.134. 171, 16, 22. 54.

equitum 4, 32· 6, 625, ·148, ¹8.

(aee.) 6,

Register.

“³1³3 981’ ²23311ffi'3‘1 ¹’1 ‘1³2³ 155550· ’359555
ῗὲὲ39. 58831 3, 557. emanas 4,
eripiet 8, 96. 311 ient 3, 238. eri-
1111910127, 5,161. eripietur

31181 6,101.

3110118 10, 4. 31101318 8,165.3110·
res 13,'188. erroribus 14,15.

erubuit 10, 326.

erucis 9,134.

esoaria 12, 46.

esurit 7, 87. esuriens (mmo.) 3, 78,
13, 99, 14, 127. (sem.) 7, 7.

31 1, 6. 8. 13. 23. 34. 36. 42. 47. 49.
54. 59. 66. 68. 72. 73. 74. 76.
78. 84. 87. 93. 97. 109. 120.122.
124. 137 (bis). 143. 145. 157. 168,
2, 1. 3. 7. 11. 14. 16. 20. 25. 33. 35.
45. 50. 67. 68. 73. 77. 79. 80. 85.
87. 98. 105. 107.111.112.124(1›2“33.
131. 138. 140. 149. 150 (bi-s). 153.
155. 158. 160. 163, 3, 4. 9. 13. 16.
17. 26. 27. 30. 33. 34. 36. 38. 42.
48. 49. 57. 59. 63 (ter). 65. 68. 74.
83. 88. 96. 97. 104. 114. 128. 130.
136. 148. 149. 154. 155.167.178.
187. 189. 195. 207. 208. 210. 215.
216. 217. 219. 221. 228. 233. 237.
240. 248. 253. 258. 262 (bis). 263.
270. 272. 273. 284. 285. 287. 291.
294. 300. 311. 315. 316. 318, 4, 1.
8. 11. 14. 23. 30. 38. 44. 61. 68. 69.
84. 85. 91. 96. 106. 108. 111. 113.
115, 121. 122 (bis). 124. 129143.
144. 146. 152, 5, 8. 15. 20. 27. 37.
38. 48. 54. 65. 70. 79. 81. 94. 101.
112. 115. 117. 121.124.126.133.
137. 140. 141. 149. 154. 161.165.
169. 173, 6, 4 (ὀὼ). 6. 10. 18 (bia).
21. 25 (bis). 27. 37. 40. 48. 52. 57.
59. 65. 68. 70. 79. 83. 84. 85. 89.
95. 106. 109. 120. 122. 128. 130.
144. 146. 147. 148. 149150. 154.
156. 160. 169. 171. 172.192.197.
199. 202. 205. 210. 217. 225. 226.
228. 238. 246. 256 (bis). 262. 264.
277. 283. 289. 291. 297. 299. 301.
305. 306. 315. 326. 333. 335. 342.
344. 348. 354. 356. 364. 367. 368.
375. 388. 392. 399. 404. 405. 414.
419. 429. 432. 436. 445. 453. 458.
464. 467. 473. 478. 483. 484. 488.
496. 507. 511. 512. 516. 517. 519.
520. 521. 523. 531. 533. 538. 541.

