worterverzeiohniss.

544. 556. 559. 564. 567. 574. 583.

565. 566. 599. 602. 612. 613. 618.
623. 630. 635. 644. 651. 653. 658;
7, 10. 12. 15. 20. 24. 26. 2935. 39.
44. 46. 49. 52. 56. 64. 67. 68. 69.
78. 82. 91. 97.101. 105. 107. 119.
124. 128. 131. 135. 155. 163.165.
168. 170. 172. 178.183.193.194.
196. 266. 207. 208. 211. 216. 219.
220. 227; 8, 3. 4. 5. 12. 13. 15. 28.
31. 35. 38. 46. 50. 59. 61. 62. 72.
82. 84. 86. 99. 166. 102. 107. 109.
122. 124 (bi-5). 129. 147. 152. 154.
157. 162. 170. 174. 175.176.161.
190. 199. 202. 206. 208. 230. 233.
237. 239. 250. 255. 259. 260. 262.
264. 268. 272; 9, 8. 11. 15. 21. 22.
23. 24. 30. 36. 40. 43. 46. 47
(543). 52. 57. 61 (bis). 69. 74. 75. 77.
78. 79. 84. 94. 96. 104 (ter). 113.
125. 131. 136. 138.140.142.145;
10, 2. 10. 13. 16. 17. 21. 23. 27. 37.
36. 41. 45. 49. 60. 62. 71. 73. 81.
85. 87. 95. 96. 97. 101. 105. 107.
108. 113. 115. 119. 120.128.131.
132. 134. 135. 136. 138. 143. 153.
156. 157. 166. 165.166.167.174.
178. 189. 190. 191. 193. 199. 206.
212. 228. 242. 245. 252. 266. 268.
269. 273. 274. 276. 277. 280. 284.
285. 288. 303. 310. 312. 327. 331.
335. 337. 341. 345. 351. 355. 3603
11, 8. 11. 13. 19. 23. 28. 34. 39. 41.
43. 47. 48. 49. 55. 57. 62. 66. 68.
71. 74. 76. 84. 87. 91 (54·4). 93. 95.
96. 100. 106. 111. 113. 116. 123.
125 (bis). 126. 136. 136. 139 (545).
146.141.144.145.146.153(54·4).167.
169. 184. 189. 191 (bi-5). 197. 201;
12, 7. 11. 14. 16. 20. 25. 27. 30.45.
46. 57. 60 (54·4). 64. 65. 68. 74. 84.
86. 92. 96. 99. 105. 108. 110. 113.
114.117.118; 13, 6. 16. 25. 30. 36.
41. 44. 54. 55. 57. 62. 66. 70. 75.
79 (54·5). 67. 91. 93. 99. 117. 130.
143. 148. 151. 155.160.165.176.
190. 194. 201. 203. 204. 207. 218.
219. 220. 221. 223. 226. 232. 233.
236. 246. 245; 14, 8. 10. 14.15.16.
19. 30. 31. 33. 35. 37. 41. 46. 51.
52. 54. 66. 73. 75. 77. 79. 81. 86.
97. 101. 106. 169. 116. 112. 122.
124. 140. 142. 143. 151. 157. 168.
171. 179. 180. 183. 195.199.204.
209. 217. 219. 226. 228. 229. 230.
232. 242. 245. 256. 251. 260. 261.

37*

263 (bis). 268. 271. 275. 276. 283.
285. 289. 290. 292. 297. 299. 302.
366. 316; 15, 9 (54·4). 22. 24. 29. 34.
35. 42. 47. 50. 53. 57. 59. 61. 62.
68. 71. 74. 79. 86. 89. 101. 105. 113.
126. 128. 131. 140 (bis). 147.150.
152. 166. 167. 174; 16, 6. 11. 14.
15. 17. 22. 27. 31. 38. 46. 48. 57.

61;1 02651106.) 1, 57; 6, 4223 9,108;

, 6.

et ·-- et 2, 145; 3, 1443. 2046. 307;
5, 11. 574.164-166.116; 6,1614.
296. 366. 592; 7, 1. 33. 37. 73. 137.
190⁸.; 8, 93. 249; 9,123.132; 12,
41⁸4 13, 88. 197; 14,1⁸.72.143⁸.
156. 157. 255; 15,-65.

et—et— et. 2, 146; 10, 362; 13,
95; 14, 237.

et — atque 8, 170. et— 1166 6, 37.

et = etiam 1,15(54·3). 1003 2,136.
143; 3, 92. 144. 365; 4, 34. 47. 61;
5, 26. 171; 6, 15. 45. 237. 260. 296.
332. 444. 451. 546. 552. 615. 644.
666; 7, 66. 205. 239; 8, 89. 117.
163; 9,19. 27. 32. 88; 10, 43. 51.
52. 126. 163. 317. 326. 354; 11,
177; 12, 17. 29. 46; 13, 62. 64.
162.121.147. 154; 14, 4. 99. 119.
177. 243; 15, 47. 103; 16, 60.

etenim 8,111; 16, 4.

etiam 2, 69; 5, 91; 6,192.572; 8,
{3113 9, 26; 11, 36. 92; 12, 38; 14,

etsi 1,113; 12,119; 16, 9.

evado evadere 12, 35. evasit 9, 65 ;
1} 1ξ2 evasisse 13, 193. evaserit

evehit 1, 38.

eventum 11, 198.

evertentibus 12, 31. evertit 10, 108.
evertere 10, 7. 6761611111 3, 258.
eversa 10, 266. eversis 11, 101.

euhoe 7, 62.

eunucho 6, 378. eunuchum 12, 35.
eunuchi 6, 366.

611111611,119. 61111111110,180. 61110
12, 63. 611106 14, 186.

ex 1, 81; 2, 36; 3, 39. 139.156; 4,
134.148; 5, 134; 6, 294. 451. 578;
7,123.216; 9, 83; 10, 39. 63. 77;
11,55.117.124.132; 13, 24; 14,
40. 204. 261 cs. e.

exaequet 12, 130.

exagltare (= exagitaris) 6, 29. ex·
agitata 2, 88.

examen 13, 68.

 

