Wbrterverzeiehniss. 85*

sub-cum suberant 4, 60.

subtexo subtexit 7, 192.

subterranea 2, 149.

subtrahitur 6, 650.

subvexit 5, 89.

succensus ’7, 40.

succingere 6, 446. succinctus 4, 24.
suocmeta ’8,162.

succurrere 6, ’443.

sucida 5, 24.’

sucina 6, 573; 9, 50.

meus suci 11, 76.

sudes 4, 128. sudibus 6, 248.

sudo sudat 3,103. sudant 1,167;
6, 259. sudare 6, 420. sudans
4, 108, 10, 41. sudantibus 1, 28.
sudavit 2, 129.

sudoribus 13, 220.

suetus 10, 231.

sufferre 1, 29.

81113ᾒοί13, 155, 5, 7, 6,,53 9,66,
10, 40. '168; '13,’16‹'). 1’83; ’14, ’1141
172,15,169.’8111118111111 3,179;
8, 2’57; 9, 146, 11, 6. su’ffioiat
14,317’, 8111116818115, 80. suffl-
cient 7, 187, 14, 300. 329. suffecit
14, 319. suffecerit 10, 32. 81158-

’ cerat 14, 298.

mffflamine’9,149;16‚50.

8115111818 (nom.) 8, 211. (acc.) 10, 77.

8111 3,194,10,192,11,35.811)ἰ 1,
140’; 4,’22; 5, 1’49,’6, 176. 339.
365. 45’.7 668, ’7, 21. 1’7’1. 219, 9,
92, 10, 41. 201. 350, 11, 130;’ 13,
46. 241; 14, 234. 313; 15, 142. se
1, 31. 62. 67, 2‚100; 3, 513 5, 22.
100; 6, 32, 144. 178. 185, 244. 358,
383. 518. 530. 570. 608; 7, 34. 63.
24238,207 218310,79. 137. 327;
11, 31, 12, 20. 34. 54, 13, 209;
14, 51.’79. 83.302; 15’,59’. 132.
1-64; 16, 27. 8888 2’,165; 3, 231;
12, 16. 88 3, 64, 75. 152’; 4, 70,
ᾗ, ’,665 6, 469’· 9,140; 13, 2’ 91;
4, .

suillam 14, 98.

sulcum 1,157. sulco 14, 170. 8111-
eos 7, 48. sulcis 14, 241.

sulpure 13, 145. sulpura (nom.) 2,
159. (acc.) 5, 49.

sum 6, 284. 88 6, 147. 201, 9, 63,
86. est 1, 7. 17. 30. 86. 102. 119.
125. 131. 140. 161. 163. 166; 2, 5.
58. 68. 71. 104. 121, 3, 4. 15. 23.
31. 42. 66. 84. 100. 109. 112. 118.
119. 125. 149. 154. 162. 171. 181.

182. 197. 210. 230. 289. 290. 298.
299316, 4, 1. 15. 20, 34. 54. 55. 70.
97. 103. 127, 5, 1. 66. 93, 6, 21,
55. 82. 91. 95. 98. 112. 138. 141.
152. 182. 186. 193. 202. 207. 221.
222. 242. 243. 284. 329. 331. 348.
368. 392. 395 (bis). 412. 460. 474.
494. 497. 501. 504. 505. 511. 538.
557. 588. 612. 628. 629; 7, 47. 62.
81. 129. 135. 162. 217 (bie). 240, 8,
20, 36. 39. 55. 76. 97. 116. 122.
125 (ὀίε), 9, 32. 43. 82. 95. 100.
118 (513), 10, 10. 32. 55. 82. 120.
140. 148. 155. 159. 208. 212. 215.
297. 322. 328. 345. 350. 356, 11,
11. 17. 22. 35. 50. 53. 132. 151.
161, 12,97.118,13, 2. 47. 75. 84.
90. 100. 118. 129. 166. 173. 183.
190. 236. 243, 14, 39. 45. 70. 79.
178. 182. 188. 204. 215. 226. 254.
276. 281. 304; 15, 93. 95. 166, 16,
18. 20. 49. 811111118 3, 104; 14, 41,
estis 5, 137. sunt 5, 130, 6, 73.
259, 338. 366. 480, 8, 111. 112,
224, 10, 1. 146. 196. 240; 11, 207,
12, 37. 102, 13, 26. 86. 96. 150.
223; 14, 1. 123, 15,130, 16, 52,
818 2, 9, 8, 81.269; 9,120; 11,
33. 60. 110. 811 3, 54, 5, 59. 72,
6, 54. 162. 188. 216. 223. 359. 567,
7, 53. 71. 155. 238, 8, 165. 196.
269, 9, 139. 145, 10, 25. 98. 211,
348. 353. 356. 365, 11, 25. 37, 12,
59, 13, 77. 100; 14, 25. 66. 71.
110. 136. 290. 315, 16, 21. 59.
81111118 5, 18. sint 3, 38. 277, 6,
301, 10, 173, 12, 25. 93. esto
5,112.113; 6, 222, 8, 21. 79. 164.
esse 1, 58. 74; 2,149; 3, 75, 4,
98. 153, 6, 372, 7, 210, 9,103,
10, 100. 237. 304. 330, 11, 30.
155, 13, 12. 37. 91. 249, 14, 121,
15, 38. 98. 141. 171, 16, 53. eras
6, 28, erat 2, 29. 115, 3, 79, 203,
4, 90, 6,110, 345, 8, 98. 217, 9,
59; 10, 68, 11, 83. 109, 13, 58,
14, 86.94.239. 8181114, 82. essem
9, 71. esses 6, 599, 8, 41. esset
3,18, 6, 94, 7, 226, 10, 106, 12,
10, 13, 202. 8888111 10, 34. ero
9,147, erit 1, 139. 147. 161, 2,
4’7. 60, 3, 47. 53. 98, 5, 92. 1’17;
6, 211. ’499 553. 582. 598. 620, 7,
81.,94 8,.,36199 9,.,’64566’
122, 1’0,’172,313.’339; 11,136.
148, 13’, 175. 178, 14’, 43.’ 218,

