umffmm69 .) 6, 136. 492; 9,1.

gnei 13, 225.

ραέεἱιέ quassas 2,130. quassatum
quatenus 12, 102.

quater 7,12'2.

quatit 12, 5. quatiente 13,195.
quatiare 13,171.

quattuor 5, 47; 12, 59, 13, 58;14,
que 1, 12, 14. 54. 71. 82. 83. 116.
120. 121. 128. 132. 133. 135. 136.
148. 162. 164; 2, 17. 31. 46. 54.
77. 81. 94. 96. 114. 122. 144. 146.
154; 3, 11. 14. 35. 50. 55. 56. 71.
72. 82. 105. 117. 123. 142. 147.
158. 169. 170 (bis). 174. 177. 206.
211. 219. 226. 238. 242. 256. 265.
276. 290. 320; 4, 3. 13. 41. 42. 45.
51. 54. 58. 60. 74. 83. 116. 118.
125. 133. 137. 138.147.152; 5, 28.
31. 34. 36. 49 (ὀί-9). 63. 65. 70. 75.
77. 144 (bis). 154. 160.169; 6, 2.
3 (bis). 6. 11. 26. 31. 40. 62. 68. 70.
77. 83. 86. 87 (ὁὼ). 88. 92. 95. 108.
111. 124. 131 (bis). 133 (ὀὼ). 134.
135. 145. 149. 150. 152. 165.170.
175. 179. 183. 200. 211. 225. 236.
238. 244. 248. 251. 256. 268. 273.
276. 289. 290. 293. 294. 297. 310.
311. 315. 316 (bis). 343. 349 (ὒὼ).
359. 360 (bis). 374. 377. 384. 386.
391. 400. 401. 407. 408. 410. 424
(bis). 452. 454. 461. 472. 475. 487.
488. 491. 493. 496. 497. 505. 512.
517. 527. 532. 536. 537. 539. 542.
558. 561. 575. 583 (bis). 586. 590.
602. 607. 608. 609. 622. 635. 637.
639. 650. 658; 7, 3. 9. 15. 19. 21.
27. 34 (bis). 47. 48. 58. 60. 61. 64.
67. 80. 84. 85. 112. 132. 169. 180.
203. 208. 215. 221. 232. 234. 241;
8, 4. 5. 17. 25 (bis). 33. 34. 51. 53.
67. 72. 81. 88. 97. 102.113. 115.
117. 118. 123. 131.133. 139. 143.
155. 161. 168. 169. 182133. 223.
226. 233. 234. 236. 251. 257. 270.
272; 9, 17. 26. 29. 31. 36. 47. 52.
57. 72. 127. 137; 10, 6. 11. 15. 20.
30. 39. 50. 53. 58. 66. 100. 111.
129. 131. 135. 138. 143. 149. 150.
152 (bis). 161. 170. 176. 177. 192.
193. 199. 201 (bis). 242. 244. 250.

queas 14, 257.

quereus 14, 184.
querellae 1’6,19.91131·311ᾰ 13,135.

Regimen

262. 266. 276. 237. 296. 300. 309.
334. 343. 351. 352. 353. 354. 361.
366; 11, 6. 12. 35. 36. 41. 70. 73.
90. 103. 107. 112. 117. 127. 149.
154. 163. 174. 173. 139 (503). 194.
196. 199. 264; 12, 6. 3. 1015. 19.
49. 63. 76 (bis). 77. 33. 34. 35. 39.
103; 13, 13. 23. 31. 37. 47. 59. 63.
64, 63. 73. 30. 31. 32. 35.117.119.
133. 154. 167. 169. 174.135. 190.
193. 205. 206. 212. 222. 246. 243;
14, 3. 5. 17. 44. 56. 57. 63. 69. 70.
77. 73. 39. 110. 117. 113. 132133.
142. 146. 162. 167. 131.137.194.
219 (6222). 222 (55³). 232. 236. 246.
266. 273 (54⁸). 273. 232. 291. 296.
297. 301. 303. 307 (58⁸). 325; 15,
17. 41. 43. 50. 73. 32. 95. 110.
120. 125. 144. 145; 16, 20. 31. 34.

47. 55.
¹0 35θέ 16 1911335, 1, 29; 8, 45;
quercum 6, 387.

querellas 9 94.

querorquerens2,131;13‚71.ue-

ritur 6, 36. queratur 10, 51.
qquerentes 2, 24. querebar 5, 51.

(relat.) 1, 43. 59. 67. 111. 158.
’1161;2,17.30.125;3.52.53.80.
104.121.138.159.215. 245. 257.
278. 302; 4, 32 90. 111. 114. 117;
5, 41. 73. 86. 154. 17ος 6, 35. 514.
533. 557. 563.·537; 7, 23. 54 (bis).
110. 131. 141. 173. 184.185. 219.
224; 8, 30. 50. 141.190.191; 9, 7.
45. 96. 112. 122.146; 10, 78. 99.
104. 109. 182. 214. 248. 250. 269.
358. 359; 11, 24. 68. 81. 130. 175;
12, 9. 343 13, 16. 121. 150. 152.
186. 209; 14, 7. 18. 52. 120 (bis).
140. 144. 176. 182. 186. 229. 235.
236. 266. 267. 270. 288. 312. 313;
15, 24. 87. 91. 173; 16, 30. 42. 59.
quae 1, 69. 116.140; 2, 60; 4, 21.
132, 5, 81. 99; 6, 100.141.186.
208. 253. 302. 350. 351. 399. 413.
434. 445. 448. 452. 471. 498. 574.
575. 589. 596. 633. 6513 7, 47. 228;
8, 42. 43. 264; 9, 150;'}10 43126.
163. 209. 233.272; 13,19.63.139;
14, 26; 15, 133; ’16 6. quod 1,
35; 3,;55 4,1;3 5,7..5991; 6,
152. 204. 395. 426, 7, 105; 8, 37.
122· 10,239;11,109.129;’;12 68.
86;13,220;15,97; 16, 49. cuius

