Wbrterverzeichniss.

nocet 10, 324; 14, 153. nocuit 4,
154; 13, 227. 11000119 6, 620;
13, 3. nocentibus 13, 234. no-
centes 6, 647; 13,101. nocitura

10, 9 (bia).

nocturnus 8, 144. nocturnae 3, 12.
nocturnos 6,118. nocturna 8, 233.

nodosam 8, 247.
nodus 5, 165. nodos 8, 50.

11010 8, 275. nolunt 10, 96. 110119
5, 54. 110111 5, 24. noli 1,126;
6, 378. 11010111115,123. nolentem

9, 113. 1101101 6, 254; 13, 187.
nolet 6, 213. noluerim 8, 75.
nomen 8, 36. nominis 6, 385; 8,
2413 13, 248. nomen 1,153; 5,
463 7, 9. 110. 234; 8, 273; 11, 22;
12, 72; 13, 30. 1101111110 1, 98; 8,
31. 1101111119 (nom.) 8, 132. 255.
(acc.) 5, 1273 6, 604; 10, 219. 234.
non 1, 30. 51. 52. 93. 131. 153. 154;
2, 8. 25. 36. 47. 49. 66. 70. 75. 88.
141. 163. 168; 3, 6. 38. 48. 54. 60.
64. 79. 81. 96. 104. 110 (bis). 111.
119. 151. 155. 204. 281. 303. 309;
4, 23. 34. 50. 71.101. 123; 5, 39.
51. 69.131; 6, 35. 41. 51. 64. 119.
143. 152. 182. 184. 185193. 196.
201. 218. 242. 243. 247. 282. 345.
362. 365. 368. 395 (bia). 448. 451.
457. 486. 535. 540. 576. 614. 617.
619. 646. 651. 6563 7, 14. 53. 65.
72. 74. 90. 138. 211. 220. 222. 225.
229. 240; 8, 43. 68. 98. 103. 125.
178. 184. 213. 2213 9, 6. 8. 24. 66.
88. 99. 122. 129; 10, 6. 34. 40. 51.
110. 148. 164 (bis). 168. 183. 203.
263. 304. 320. 338; 11, 7. 44. 50.
54. 57. 134. 147 (bis). 152. 171.
185. 2⁰63 12, 50. 76. 102. 120; 13,
12. 15. 29. 55. 60. 97. 122. 150.
173. 184. 204. 225. 234. 235; 14,
14. 25. 28. 51. 68. 103. 106. 130.
140. 141. 145. 172. 185. 262. 284.
299. 399; 15, 46.84.169. 172.174;

16‚28.40.53.

nondum ’1,114; 2,152; 5,1; 6,15.
16; 13, 49; 14, 11. 215. 249. 32·1;
15, 24.

110111101, 63; 2, 34; 3, 2. 49; 6, 34.

1109 1, 15 (bi-sn 2, 51; 3, 193; 6,
638; 7, 48.124; 8,163; 9, 5; 10,
350. 365. 366; 13, 31. 142; 14,
315. 316; 15, 27. 29. nostri 3, 318.
nobis 2, 121; 3, 92. 126. 243; 6,
147, 8, 71; 19, 3483 11,131; 14,

61*

187; 15, 149. 1109 1, 112. 159,
3, 75. 159; 5, 168; 11,114; 14,
31; 15, 106. 142. 149; 16, 5. nobis
1,101; 2, 62; 9,115; 14, 40.

nosco novi 5, 6. novit 3, 77; 6, 402;
11, 143. novimus 2, 52. noverunt
6, 337. norunt 3, 46. noverit 7,
231. novisse 5, 75. 110990 7, 157;
ῗῗ,159. noverat 4,136. noscenda

,35.

1109101· 11,143; 13, 244. 1109119 3,
843 6, 254; 10, 25; 11, 203.
nostrum 5, 94. 1109111 (masc.) 1,
86; 11, 773 15, 133. (matr.) 8,
44. 1109110 12, 29; 14,172. no-
strum 12, 89. 1109110 2,48. nostri
6, 25; 11, 117. nostro 4, 115;
12, 103; 13, 92. 176; 15, 31. 68.
nostra 7, 171; 11, 179. nostrornm
3, 145. 11091119 (nme.) 1,147; 3,
58; 6, 188; 12, 108; 15, 153.
(sem.) 10, 348. 11091109 10, 273.
11091199 9, 94; 15, 110. 1109119
14, 16. 39. 91. 1109111 (voc.) 9, 137.
11091119 13, 171; 14, 323.

notabilis 6, 374.

110101 9,142. 1101011111916,35. notavi
15, 45.

notus 11019 1, 7; 10, 341; 14,248.
notum 2, 58; 3, 174; 10, 353.
notae 6, 307. 11019 1,123. 11011
7, 3. 110190 3, 35. 11019 6, 314.
notos 11, 153. notior 9, 25. no-
tissimus 6, 42. 156. notissima
(ὥοηῖιὲ osny.) 2, 10. (nom. plur.)

, .

novalia 14, 148.

novercae 6, 4033 7, 234.

novercali 12, 71.

novicius 3, 265.

novus 8, 237. nova 1, 32.145; 2,
120; 3, 26. novum 10, 250. novo
6, 11. novt] 11, 85. novorum 7,
189. novas 14, 95. novis 2,102.
novissimus 11, 42. novissima 6,

noa: 1100119 3, 268; 7, 222. noctem
3, 279; 5, 54. 110010 2,161; 3,105.
127. 198. 275; 6, 204. 419. 420.
475. 531; 7, 61; 8, 149; 9, 76;
10, 20. 206. 235; 11, 112. 187; 13,
198. 217; 14, 146. 190. 296; 15,
43. 1100111 6, 35. 605; 14, 306.
§notes g, 137. noctibus 1, 38; 6,

nubem 13, 167. nube 12, 19. nubes

