Wfirterverzeiohniss. 75*

, (masc.) 1,131; 2,148; 3,155; 4, 7, 16, 8, 70. 262, 137, 10,
82; 6, 215. 558. 573, 7, 73. 160, 46. 236 (bns) 11, 9. 69. 124. 126.
8, 60. 213, 10, 48, 12, 94, 14, 155. 201. 202; 12, 79, 13, 94,
244. 298. 330; 15, 136. 147; 16, 54. 138. 193, 15, 38, 16, 48. uas 1,
(sem.) 1, 153; 3, 287; 6, 7. 91. 129, 3, 252, 5, 44, 6, 9 . 366.

(mir.) 5, 34. oui (onaan.) 1, 166; 614; 9, 33, 13, 197. quae 3, 45.
5, 54, 6, 515 (ὀὼ). 563. 616, 7, 53, 46, 4, 23, 5, 3. 109 (bie). 130. 152,
8, 58, 9, 50 (δίε), 10, 257. 330; 7, 24, 8,143; 9,108. 142, 10, 55.
11, 136; 12, 72; 14, 105. 330. 144. 178; 11, 78. 79, 13,9. 157,

ί em.)6,166. 354; 14, 256. quem 14, 3. 45. 222, 15, 117. quibus
, 20. 35 (bien 2, 132; 3, 201. 267. (masc.) 11, 160. (neutr.) 4, 151;
283. 286, 4, 95; 5, 92 (bie). 148; 6, 325. 611, 11, 173.
6, 44. 248. 359, 7, 37. 93. 214; 8, qui (interro . or. dir.) uae 2, 134,
71, ,9, 16. 78, 10, 117.127. 130. 3, 58, 5, 57, 6,178( is). 318; 7,
148. 231. 274. 310; 11, 137, 12, 8, 103; 10, 210· 13, 23. 235· 14, 177,
13, 243, 14,24. 185. 231; 15, 43. 15, ”.120 ςιιοᾶ’3, 126 (ὂίε).’ 269,
67.85. 113. quam 3,118; 4, 40, 7, ’1,19 9, 38. quem6, 252. quod
6, 182. 192. 581; 9,65, 10, 320, 6,196;9’,110.ᾳιιο 10, 70. qut-2
12, 27, 13, 74; 14, 85. 324. ιιοᾶ 3, 296. 309 (ὁὶε), 6, 29. 103 (,ὁιε)
1, 104. 147; 2, 108; 3, 27. 68; 1'2, 48. quo 6, 219; 9, 24, 10, 69;
4, 70, 5, 19. 24. 76. 88. 90. 98. 15, 161. quae ’(ηοηι. neutr.),3 234,
153, 6, 62 (bis). 104. 112. 128. 282. 10, 67. 97. q,quas6 345. uae 6, 277.
395. 469. 552. 617; 7, 10. 14. 74. quibus 6, 29; 10, 7· 14, 221.
75. 90. 243; 8, 29. 41. 69. 125. (or. obl.) quae⁷6, 266. 337; 1’3, 77.
165. 223. 235. 264. 275, 9, 26. 86. 202, 316. ιιοᾶ 7, 155; 13, 237.
107; 10, 363; 11, 98. 166; 14, uem 13, 3· ,quod 10, 255; 15,
200. 252. 255. 299; 16, 39. quo 2. quo 5, 124 (ὀίε), 6, 261. ’3275
1, 25, 2, 72; 3, 83. 91, 4, 9. 87, 286. 405. qua 5, 82, 6, 306, 10,
6, 153. 269. 383, 8,12; 10,226. 213· 11, 182. quo 6, 570. qu1

235; ιι, 198; 13, 155; 14, 115. 10, 3⁵3, 14, 152. quae (fem.) 7,
3333123 66·-666 656. ,6366466 3¹3¹ ιρις
2; i4,’99.'167{ 15,'124.’ 1’10 ιζ 20. «ᾖιιιὴιιέ (ἧιαεέ.) 5,3{¹; 9, 733

81, 2, 100, 3, 53, 5, 22, ,294. (fem) 14, 73 (bis). (neutr.) 6, 406.
427, 7, 61. 162, 9, 139, 10, 77. (Ῑιιιει 11, 207, 13, 141.
263, 12, 47, 13,54; 14, 261, 15, quicumque ”1,1’8; 15, 71. quae-
66. qui (nom. Ζ.) 1, 37. 156; 2, cumque 6, ’,341 14, 188. quod-
3. 19.84. 152, ,30, 4,17,6,12; cumque 6, 355, 7, 217, 13, 1.
7, 209, 8, 118. 252; 9,133. 143, cuicumque’6, 412, 1’3, 56. quem·
10, 96, 11, 49, 12, 101, 13, 21. eumq ue 14, 210. uode-'umque 1,
86. 147. 223, 15, 76. quae 6, 73. 152, q13, 92';14,10. quocum ιιΊὲ
259. 480, 10,1. quae (neutr.) 2, (abts maso.) 3, 156. 230 (bien 8,
38. 42. 162, 3, 313, 5, 69. 108; 6, 134, 14, 42 (bis). 117. (πυκίν’.) 6,
640, 7, 46.170; 8, 181. 258, 11, 412, 8, 60. quoscumque 10, 359.
16, 12, 37. 77, 16, 52. quorum quaecum ue 10, 312. quaecum-
1, 171, 3, 14. 164; 4, 74. 78, 8, que 7,15· 13, ’89.
45, 9,123, 10,219, 11, 160, 13, quldam 15, 77. quaedam 6, 385.
181, 14, 241, 15, 106. 130. 169. cuiusdam, (masc.) 8, 32. (sem.) 6,
uarum 6, 51. 259, 12, 40, 14, 55. cuidam 13,19ό. uendam2,
38. quorum 5,150; 13,29; 14, 36. quidam 6, 361, 2, 50, 14,
145. 183, 16, 7. quibus (manc.) 96, 15, 107. quaedam (nom m'mtr.)
1, 119, 3, 66· 6, 629, 8, 70, 10, 6, ’184’; 8, 166· 14, 123. ιιι-
2’12;’11,11,1’4,34; 15, 105. busdam 3, 281, '15, 15. quosaam
1mn.) )15, 10.’ (neutr.) 6, 649, 11, 6,409; 10, ’5.6 317. 'uaedam6, 451.
ᾳιιῑέ 3, 31. quos 1, 38; 2, quidem 2, ’11, 159, ,153.184; 8,
115. 163, 4, 42. 73.145; 6, 240, 149, 11, 7, 12, 26, 13, 19, 15, 27.

 

