Wbrterverzeiehniss. 69 *

pomeria 9,11. 5,67.Ρ61·1·6161·11 6, 632. Ρ61·1·6616

Ρ6111Ρ6 10, 281. 12, 76.

pomum pomis 6,18. poma 5,150. porro 3,126, 6, 240, 7, 98, 11, 9.

pondere 3, 271, 6, 262, 7, 207'3 13, rri 14,133. Ρ61·1·11111 3,
493 15, 66. ponderal, 29. 293, ΜῙΞΟ9.

pono 10, 15,6 12, 94. ponit 1,141·, porta 11,124; 16, 3. ortae (qen.)
8, 238'. onimus 13, 117. Ρ61111111 8, 160. (dat.) 13, 2. portarum
6, 309. 4 6, 14, 99. 611668, 133, 8, 261, 15, 158. portas 6, 409,
9, 81. ponat 16, 35. ponamus 7, 42, 10, 1'55. portis 15, 6.
13,11. Ρ6116111 ’13, 86116 1, portenta 15, 2.
155; 5, 135, 6, 172. 219. Ρ307, porthmea 3, 266.
114, 8, 22. 88. 89. 228, 10, 65, porticus 7,178;12,101,14,66.
11,''.191 192. ponere 5, 45. 73, porticibus 4, 6, 6, 60. 163.
7,149; 11, 84. Ρ61161116 16, 45. portio 3, 61· 9, 128.
ponebat 11, 79, ponebant 11,108. porto 3, 28. portas 1,143. portat
osuit6‚ 359, 13, 30. 241. posuere 3, 252. 257. portes 1,0 19. Ροι·

85, 11, 76⁹. ponitur 5, 85, 14, 161116 10,260.Ρ61·161·61 10,158.

83. 61161111· 9, 40. por’ii 5,51,Ρ61·161)11 6, 528. portatur 10, 42.
8, 19. ponere (= pmrisffi, 126. portandum 3, 32.
ponentur 5,146. nendumstzcc. portus (acc.) 3, 31, 12, 78, 14,
manc.) 13‚'141.n.eutr) 14, 203. 275.
ponendi 14, 260. ponenda 3, 56. poscis 9, 63. poscit 3, 198, 6, 149.
positus4, 77, 9, 52. positast, 47. 579. 624, 11,30. poscimus 5,112;

positum 6, 588. sito 11, 69. 7, 71, 9,129. poscunt 14, 318.
posita 1, 90, 6, 20, 10, 267. oseas 1, 98, 3, 102, 5, 65, 10,
posito 13', 39. positos 7, 26. po· 54. soe 7, 24, 9, 64, 10, 357,
sitas 12, 75, 13, 149. positi2s 11, 1 8, 14, 193. poscere 3, 42;
em.) 3, ’3'191 15, 42. (neutr.)2 8, 246. poscentem 5, 48. posce-

4; 6, 264, 9, 141’. bat 10, 105. posceret 14, 313.
pons 5, 8, 6, 32'. ponte 4,116;14, osces 11,148. poposcit 1, 82,

Ρ6111Ξ11161 4, 46. pontifices 6, 604. 116661111ἰί 1,108. possidet 3,141.

popano 6, 541. ssideat’ 10, 225, 12, 129. posse-
popinae 1’1, 81. popina8, 172. po· {grie 14, 159.

pinus 8,'158. possum 3, 4.4 60. potes 3, 223, 5,
poplitibus 6, 263. 3. 171, 6, 30, 13, 14. potest 1,
ΡοΡΡ sma 6, 584. 80, 3, 54. 105, 6, 252, 7, 60, 8,
ΡοΡ ter 3,37. 191, ’10, 207. 30⁹2 possunt 6, 96.
po ulus 2, 73, 3, 244, 7, 243, 8, 568. 595, 10, 2. ssim 8, 69.

9, 10, 74, 14. 115.160; 15, 31. ossis 3, 229. 272, ,152, 6, 62,

113. ΡοΡ1111 2, 162, 6, 534, 8, ,.86 119310, 363, '11,206; 13,

189, 15, 39, 16, 43. po ο 3, 112· 14, 150. 200. 282, 16, 33.
15. 256, 8, 189. 211, 10, 2. 341, possit 4, 71, 5, 10, 6, 32.6 39.9
14, 76. populum 1, 46. 7233,178; posse 6, 41; 16, 49' 9²73 12, 21.
15,23. 151. Ρ11162,67,9, 117, poteram3, 315. Ρο161611115,105.

14 42.Ρ6061·11111 13, 148. Ρο- possem 6, 282, 14, 211. posset
{uim 15, p'opulos 4, 833 6, 4, 90. poterit 3, 28';1 6, 4433 14,
10· 10,150,15, 169. 27. 6111114, 25, 6, 128, 10, 123,
poreae 2, ’86. 14, 2 2.
porei 2, 80, 10, 355, 13, 117. por· post(pr aep).1, 33, 2, 62, 5, 15. 116.
611111 6, 447. porois (dat) )6, 160. 148, 6, 499. 568, 7, 142. 163, 8,
(abl.) 1’5, 22. 97. 247, 9, 1253'310 272311,4;2
porrigine '2,80.12,124;16‚16;14,55.183.'}190
t 6, 43. 607. porrigat3, 267, 15, 99 (bis). (adv.) 6, 504.

8, 08. porrige 6, 598. porriget posteritas 1,148, 8, 62.
1'1, 146. Ροπ66111161,1.70 porrexit posthac 7,18, 8, 7, 14, 158.

