46*

humilis (nom.) 6, 2373 11,171. .)
11, 67. humili (dat.) 9, 48. abl.)
3, 39. humiles (acc.) 6, 414. (voc.)
12222'224'11111111 8, 79. humum 15, 63.
hydri 7, 70.

Ι

iacet 6, 269. 279. 594, 10, 86. 205,
15, 6. iaceat 6, 580, 7, 79. iacens
6, 36. 126. iacentem 8, 173, 15,
43. iacebat 4, 9. 12ο; 14, 167.
iacebit 1, 136; 10, 206. iacuit 2,
120, 6, 4763 10, 288; 12, 62.

iactat 6, 236. iactare 3, 106, 8, 6,
13, 22. iactaret 1, 62, 4, 118.
iactabo 12, 90. iactatur 12, 52.
iactetur 8, 208. iactata 14, 265.

iactura 3, 125, 6, 91, 13, 177. iac-
turae 13, 8.

iactus iactu 12, 33.

iaculator 7,193.

iaculetur 1, 11.

iaculum 5,155; 8, 124.

iam 1, 5. 64. 123. 139, 2, 39. 101.
115, 3, 62. 198 (bis). 199. 206. 215.
221. 262. 265. 317, 4, 32. 37. 56.
57. 76.101. 135. 138, 5, 21. 47. 68.
94.166. 168, 6, 26. 43. 105. 127.
147. 153. 215. 302. 304. 325. 329
(bie). 349. 369. 370. 377 (bie). 442.
485. 488. 515. 574. 628 (bi-m 7, 3.
30. 77. 170. 210; 8, 4. 97. 153, 9,
49. 75. 79. 86, 10, 28. 61 (bis). 77.
154. 195. 199. 204. 217. 249. 270,
11, 13. 50. 77. 127. 157. 204; 12,
8. 30. 69. 86, 13, 9. 16.44. 218, 14,
58. 80. 220. 250. 251. 276, 15, 56.
62. 69. 91.112.117. 159, 16, 45.

ianua 3, 4, 6, 79. 215, 7. 42, 12, 91,
13,129.146.

ibi 6, 324, 8, 64.177, 10,160, 11,
176, 12, 81, 13, 150.

ibidem 5, 40.

ibin 15, 3.

ico ictus 5, 125.

ictericae 6, 565.

ictus (aco.) 4, 121, 6, 126. 261, 12,

idcirco 9, 119.

idem 3,148. 291, 4, 8, 6, 112; 8,
79, 10, 74. 159. 3313 11,25.149;
16,59. eadem 3, 23, 5,1; 6,177.
349. 492, 7,199; 11,161; 14,319.

ignoscit 6, 435.

Register.

idem 6, 217. eiusdem (sem.) 12,
26. (matr.) 4, 94. eidem 14, 122.
‘Idem (acc.) 4, 12, 13, 76184.
eodem (abl. nmo.) 10, 42. (matr.)
3, 205; 14 8. idem (nom. plur.)
9, 99. eafiem 10, 203; 13, 172.
eisdem 14,30. eandem 14, 113.
eademl, 14. 148; 3, 92, 5, 51, 7,
152. 153; 1ο, 255; 11, 21. 177;
13, 104, 14, 5. 76. 103. isdem
(aba masc.) 7, 153. (μη.) 10,175;
11,73; 15 157.

ideo 3, 47; ¹7, 23.143. 1443 9, 251;
11,135; 13,99; 15113.

idoneus 14, 71.

ieeur (nom.) 1, 453 5,114. (acc.) 6,
6483 7,117; 13, 117.

ieiuna 5, 10, 10, 232. ieiunum 15,

¹⁸¹2t¹1²3327,3141›’6.41'6}; 899ζ214ῗ1οξ εἶ’ 2⁹3}
ιο, 15. 29. 255. 295, 11, 199; 12,
7363. 111; 13, 191; 14, 383 15,

ignavus 3, 272. ign
navum 7, 105.

igniculum 3,1ο2.

1311191,134; 12,19, 13,226. ignem
3, 211. 253; 1, 51, 6, 3; 11, 214,
15, 91. · e (abt.) 15‚14o. igm
(abt.) 14, 85. ignes (nom.) ιο, 61.
(acc.) 6, 6243 13,146.

ava. 14, 106. ig-

ignobilis 1, 104; 9, 237.

ignominiam 8, 209.

ignoro 3, 43. ignorant 6, 569. 13-
noret 11, 26. ignorasse 10, 103.

ignoscitis 8, 181.
ignoscas 8,189. ignoscat 1, 154.
ignoscere 13, 103, 15,105. igno-
scentibus 3, 146.

ignota 14, 187. 1311
ignotos 6, 454.

ilia ilibus 5, 136.

1119 1, 3. 97, 2, 93. 95. 99. 100, 3,
67. 70. 81. 91. 186. 246. 264, 4,
73. 89. 136, 5, 62. 162. 170, 6,
137. 214. 319. 376. 479. 535. 542.
615. 622, 7, 85. 88. 202, 8, 216.
260. 274, 9, 45. 91. 107, 10, 10.
32. 129. 164. 179. 196. 197. 227.
228. 271. 315.,316. 342, 11, 52.
151.169.171.173, 12, 43125, 13,
105.110; 14,284, 15,113, 16,29.
illa 1,151; 6, 95. 100. 111. 232.
233. 234. 270. 330. 368. 396. 408.
425. 434. 546. 632. 657, 10, 333,

otum 6, 637.

