Worterverzeiohnies.

59, 4, 22. multis (masc.) 6, 33,
10, 239. 2443 13, 110. (sem.) 9,
80. (neutr.) 14, 163. multum
(adv.) 10, 3. 197, 12, 66.

mundae 7, 181.

mundi 6, 586· 10, 169, 12, 48, 15,
147. muntium 13, 87.

munfeqps ‘mulfidp‘ls g, 3233,8 111,(271j

mssmffipahs nom. , . qen.

, .

munimenta 9, 29.

muniret 8, 248. munitam 10,171.

munus 14, 183. munere 1, 35, 2,
148, 4, 18. munera (acc.) 3, 36,
9, 53, 10, 358. muneribus 10, 306.

munuscula 6, 36.

muraena 5, 99.

murmillonis 8, 200. murmillonem
6, 81.

murmure 5, 67, 10, 290, 13, 224.
murmura 6, 539, 10, 89.

murrina 7, 133.

murus muro 4, 132. muros 8, 240.

mus 6, 339. mures 3, 207.

mustacea 6, 202.

musto 9, 58. mustum 10, 250.

mutare 8, 65, 14, 55. mutari 13,
240. mutandum 6, 94. mutatis

mutorum 15, 143. 1111118 8, 56.

mutuus 15, 149.

myrrhina 6, 156.

Ν.

nam 1, 30. 61.100.137, 2, 55. 167,
3, 6. 122. 194. 200. 234. 242. 257.
291. 302. 317, 4,13. 119, 5, 43. 100.
157, 6, 105. 185. 254. 415. 431.
445. 487. 598; 7, 8. 50. 69. 152; 8,
112, 9, 24. 33. 58. 95148, 10, 78.
104. 204. 210. 236. 304. 349, 11, 5.
21.60.128.199, 12,17.122; 13,
109. 209. 240; 14, 50. 176. 222.
227, 15, 19. 30. 69. 89, 16, 2. 52.

118151ῗβιίἷ15ὶέἒο, 7, 181, 9, 66, 11,

nanum 8, 32.

nares 14, 194. naribus 6, 108.

narrat 6,412. narrate 4, 35. narrare
11, 166, 12, 82. narraret 15,14.
narratur 2, 164.

nascitur 9, 83. nascuntur 14, 242;
15, 10. nasei 10, 50. nascenti
12, 9. name 1, 104, 3, 80, 8, 14.
259, 13,17. nati 13, 84. natam

59*

10, 122. natum 1,141. nati 3,
156, 6,12; 13, 142. 11818815,68.
11818 4, 140. natorum 6, 175, 10,
241. natis 10, 201. natos 6, 86.
627. natas 11, 117. natis 9, 11.

nassae 12, 123.

nasus 6, 495, 15, 55. nasi 10, 199.
naso 1, 57, 6, 148, 8, 5. nasorum
5,47.

natalicium 11, 84.

natalis 9,51. natali 12,1. natalibus
(8382311. dat.) 6, 323. (abl.) 5, 37;

, 31.

natio 3, 100.

nutis (acc. plur.) 6, 612.

nato natat 4, 55. natantem 10, 257.
natantis 14, 8. 11818181 11, 94.
natavit 8, 265.

11811118 1, 79, 2, 140, 10, 152. 279.
301. 303, 12, 41. 79, 13, 30. 166.
236. 239; 14, 31. 321, 15, 132.
naturae 3, 123, 10, 359, 15, 138.
natura 13, 88.

naufragium 12, 22.

naufragus 14, 301.

navigio 1, 82.

navio navem 6, 98, 12, 56, 14, 288.
nave 9, 149, 10, 185. navibus 8,
106, 9, 132.

naulum 8, 97.

name«) nauseat 6, 433.

11811188 12, 82. nautis 6, 154. 11811-
tas 6, 101. nautis 8, 174.

1ιέ 1, 97. 110, 2, 42, 3, 126. 130.
310. 311, 4, 56, 5,17. 20. 58, 7,
36. 174. 239. 240; 8, 38. 77. 121.
9,130; 10, 42, 84. 87, 11, 37, 13,
36. 90, 14, 39. 64. 66, 15, 40. 41.
89, 16, 8. 16.

1ιέ 1, 1. 92, 5, 9, 6, 60. 161.192.
641. 642, 9, 60, 10, 28. 90, 13,
174. 11 13,140.

nebulfi 10, 4.

nebulone 14, 9.

1188 1, 29. 145, 2, 49. 108. 109. 130
(bats). 131. 135. 142. 152, 3, 20. 44
(ὂὼ). 60. 64. 79. 90. 98 (bis). 102.
109. 204. 226. 266. 267. 302, 4, 41.
90. 104, 5, 3. 4. 96. 123. 139. 163.
172, 6, 7. 36. 96. 138. 202. 203.
234. 282. 288. 350. 358. 375. 390.
413. 433 (bis). 440. 450. 455. 5083
7, 5 (bis). 54. 66. 75, 8, 103. 129.
164. 178, 188. 194. 200. 201. 203.
214 (bis). 217, 9, 49. 88. 99. 112.
121. 147, 10, 51. 120. 164. 233.

