58*

11101118 9,38. 100118 1, 69. molli
(abl. masc.) 3, 99; 6, 63, (fem. >5
70. 1001188( (sem1’)1, 104; 3, 202,
6, 300. mollia 1, 83, 6, 366.
1001188 2, 47, 6, 91. 1001118 12,
85. 1001118 6, 514. 10011101 2, 165,
8, 15, 11, 66. mollius (adv.) 6,
198. mollissima 15,131.

moneo 6, 629. 10011801 15, 107.
1110088118 6, 346. moneant 8, 91.
monui 8, 39. 100001111,114. mo-
neri 6, 530. 10001118 14, 210.

moneta 7, 55.

monilia 2, 85.

1000110 14, 228.

mons 6, 649. montem 1, 82; 3, 258,
5, 77; 10, 153; 14, 144. monte 6,
344, 8, 239. 245; 11, 89. monti-
bus 6, 637, 12,129. 10001ῖ8 9,
54. 10οο1111085, 33, 6, 58; 7 ,211;
11, 25. 159, 14, 88.

10008110 10, 363; 14, 256. 10οο81181
10, 48. monstrant 14, 3. 208.
monstrate 2, 42, 7, 56; 8, 45, 14,
103. monstrante 14, 10. mon-
stratur 6, 60. monstrata 14, 37.
monstratos 6, 261.

1000811010 (nom.) 4, 2. 115, 9, 38.
(acc.) 2, 143; 4, 45; 13, 115; 15,
121. monstra 6, 286. monstris
6, 647. monstra 2, 122, 6, 645,
14,283,15,172.

1110018118 6, 5. montanum 2, 74.
montani 11, 68.

monumenta 5, 55.

mora 2,167, 6,333,10,340,12,
111(ὀίε). morae (yon. 8111916, 238.
327. (nom. plur.) 16, 449

morbi 3, 236. morbo 9, 49. mor·
bum 2, 17, 13, 230. 10011102, 50,
13, 212⁷. morborum 10, 219. 1001·-
bis 14, 156.

mordet 6, 302.1001·(1881 6, 632.
mordere 5, 11; 11, 67, 15, 87.
mordente 9, 10. momordit 7, 19.
mordetur 3, 91.

moritur 3, 232. 1001100101 2, 140.
1110118118 14, 137. 100118118 14, 249.
1110111108 3, 172, 15, 79.

moror 3,183. moraris 1, 125, 14,
250. 267. morantur 11, 54. mo-
181810 6,1.

mors 4, 95, 10, 172. 1001118 10, 357.
mortem 8,196; 111248. morte
6, 221. 654, 8, 85, 10, 113, 11,
45, 12, 48, 13, 54. mortes 1, 144.

Register.

morsum 5, 69. 1001811 4, 142, 14,
297, 15, 9.

mortalis 13, 76.

mortaria 7, 170.

mortifera 9, 953 10, 10. mortifero
4, 113. mortiferi 14, 221.

1008 6, 392, 10, 212. moris-11, 83.
10018 2, 87. 116, 3, 261, 8,156;
13, 38, 16, 15. 100188 4, 82. mo-
rum 4,12, 14, 52. 1110111108 1,147;
2, 39. 100188 2, 170, 3, 63, 6, 84.
240. 298, 7, 237, 10, 298. 323,
11, 92, 13, 159. 239, 14, 15. mo-
ribus 2, 2, 3,140, 6, 45, 8, 21,
11, 57, 13, 204, 14, 74. 323.

motus 3, 42.

moves 1'3, 114. movet 6, 71, 8, 203,
14, 5. movemus 2, 52. moveat
10, 202, 13, 35. movebant 8,12.
movebit 6, 257. movebunt 7,1.71
moverit 6, 243. movisse 6, 538.
moverat 10, 29, 15, 16. movetur
11, 170. moventur 6, 311. 100-
11811 6, 419; 13, 87. movendus 3,
226. 100188 10, 21.

mox 3, 247 280, 5, 26, 6,23. 127.
224. 600, 9, 39, 10, 319, 11, 169,
12, 20. 60, 13, 169, 14, 99. 125.

mucida 5, 68,

mucronem 14, 217.

mugilis 10, 317.

mugire 14, 286.

mu ’11110 1, 53.

Ξῗιιῗέι (ξ”ίὲέξ 351553ffl354253'13'433]
45⁷3 10, 328.

mulino 16, 23.

mulio 3, 317, 8, 148.

1001108 5, 92, mullum 4, 15, 11, 37.
mullorum 6, 40.
multicia (nom.) 2, 76.
10011118 8, 104, 14, 259 multum
(nom )32857187 (aec)166
164; 12, 46. multo 4, 47, 5, 79,
6, 461. multi 3, 142, 5, 35, 7,
76. 101, 8, 7. multo 13, 196.
multi 5, 4.3 113, 13,103, 14, 150.
multae 6, 655, 10, 284, 15, 50.
multa 6,14. 107, 9,89. 100110-
1001 6,1’26. 11101118 (masc.) 7, 88.
96, 9,27, 10,,9 1226, 13,;9
15,, 79. (fiunt.) 6, 357. multos 2,
135, 7, 51. 203· 10, 81. 188, 11, 9.
multas 4, 92, 9, 146. multa 2,

14, 128.

(acc.) 2, 66,

